1000000 1000
332974 646000
669874 23872
662362 92533
670177 367382
695989 391955
538612 792274
349028 361408
373488 691984
857723 996127
526857 904035
414097 366730
385902 572072
242843 805501
778100 305514
687957 70170
591406 420537
567173 193072
628394 240733
186317 216546
162481 980565
871665 532986
706030 98711
521129 10624
596391 928987
686999 538668
925633 249331
108773 404880
239813 165956
266916 458179
210285 557471
307355 418902
895724 488487
94561 566862
294412 782024
422426 25480
994339 68792
41898 190072
119604 480862
816044 117666
347751 45461
128966 146566
300215 966650
626781 83393
87038 538196
924871 64854
537603 715951
161658 858776
988957 777259
365581 349895
641948 195252
440151 130228
880592 641006
943943 122773
62847 280355
266222 486055
243739 868492
56725 876368
907265 244391
589572 187039
379627 755598
605295 74434
527207 488700
202052 265042
399777 351974
230268 509686
627483 850918
910568 314278
456011 72762
37206 535085
639795 71895
88669 892193
706016 522202
715906 464625
597151 857061
732566 798935
974008 228533
438574 515871
946243 765139
298722 125313
199994 490361
870813 605913
851135 251785
498672 407871
713125 111332
891751 723492
220306 427283
655937 58282
422573 374092
958067 401234
204508 749281
191647 751947
345946 500683
559928 739948
70666 139808
62766 746887
550377 147287
826863 810967
986772 222173
158527 659365
734015 80152
934614 420591
975518 441744
723764 549838
759041 661007
414139 385959
347176 724129
556033 538949
811440 931627
250886 571314
462029 724042
548149 545064
844660 246470
321915 603610
961025 159143
420333 284775
721948 163898
439886 999369
291871 21791
44225 280684
670535 216208
163562 31390
31033 493632
775655 31231
386938 468134
578972 387321
221439 318820
365438 556405
863473 736263
116042 237575
483319 341583
778685 928664
968482 953828
366611 174216
862095 39460
48052 584253
277142 26084
733096 900343
222048 374331
350697 896876
522205 787969
231568 215016
622854 225247
666355 196058
658074 946680
20008 711110
648122 964936
28270 190665
482468 648079
201426 229407
167695 79329
104347 574842
553540 610270
287602 605573
207132 311746
946831 835955
799688 468156
106437 43694
228387 990202
185968 540385
631019 414381
376752 828544
538132 579460
739839 46241
269152 435255
843520 123716
780082 583320
256242 873933
726321 902259
800418 136352
420447 825305
711552 29240
130162 813290
578762 254139
989036 19383
276856 511678
300648 509461
832159 454331
404293 267090
821433 893395
331741 861515
415873 392775
540664 412775
836722 919516
375678 811363
432482 953581
283974 892712
439387 846140
812983 960428
633709 884463
119140 242660
120356 960539
756154 618222
717405 163735
172581 990016
685735 521575
704597 225333
63589 489467
958803 353774
256147 546223
39517 592741
385548 130963
738422 837411
581981 912459
652412 508524
778035 172862
789520 867389
536436 324216
365677 617413
979292 593948
438328 808337
379446 387510
457327 548823
12264 320672
936756 212452
447610 102419
945988 310074
840765 230327
48608 366889
780027 496913
759510 647648
990310 359167
944605 615725
608998 648953
537482 857941
76833 366001
490865 103227
49039 809326
382525 947213
282875 610335
298208 539793
540554 659077
894782 911171
242428 591765
524614 753115
516368 640311
225407 528189
796318 974520
217110 871195
236407 742973
576631 745844
494460 527342
761825 983005
290253 574556
233746 982854
535119 575785
426214 275255
753481 16535
105330 483136
810603 340274
97646 487171
24939 846416
656883 569491
865177 932911
664186 999441
283017 251317
224049 376088
998404 648823
770543 201662
22518 658129
9519 289854
318646 55939
285300 923136
845714 968025
212258 162561
226141 192235
555649 104162
846673 295041
660665 797459
464184 468625
196057 885852
384798 326435
450217 318640
726829 756115
194163 884217
471537 786033
82406 77907
219744 613216
310732 76761
695576 189470
230162 316811
191402 814254
857177 139401
373656 72122
792111 406183
873941 296039
654909 103085
457327 944662
299114 171375
348469 270779
833803 887107
314735 21724
756419 394533
908758 777379
814641 312044
219111 873952
299927 916110
212753 105835
41046 747728
720614 581443
675784 234996
717056 366116
188843 344834
414026 984541
904844 298308
575902 670747
636424 400493
839591 101426
225579 3232
457038 840123
837064 434211
758010 438492
583879 285838
741385 371206
706331 577796
611816 470024
573749 484163
168165 260893
191928 941638
682721 508000
546864 657630
877178 69388
702251 721399
343673 779938
564440 311564
87297 220756
333252 119848
863832 215302
579027 809666
936111 297507
912993 821779
470888 289095
268097 829649
429151 434178
227418 520483
116173 899266
80288 849050
306078 488930
158612 310397
62923 849575
969685 143395
207560 115385
162808 453936
828405 160391
198845 219461
549699 389026
564859 213578
448526 94957
105792 383233
45134 311989
532623 956280
672315 251402
18040 493482
680683 603703
542265 276125
161141 225392
840171 203343
446060 233837
142084 158343
109331 184122
860573 358346
842634 57183
632492 33664
385438 411629
543587 510140
999034 472247
690127 44798
973771 564491
545832 585945
744444 413815
888610 932950
766171 750459
633329 317942
713436 899104
810753 799251
566114 604899
326258 513827
38578 125148
572474 533467
816246 535763
981487 805041
135522 765194
356587 222816
616041 949363
733823 701471
47644 101831
382183 994358
843187 338944
846525 104058
993095 718461
482528 626927
236967 265790
267514 457344
615611 440425
761703 476022
798648 72953
959548 861129
561506 706143
174265 117298
463243 556155
235572 611596
929560 665088
745681 807841
891491 862503
853547 537641
436660 947856
807239 221805
514583 63668
972436 144553
678519 857808
952812 300616
825030 151936
976787 244269
157538 624357
721944 135356
749487 132300
674582 997205
84076 254560
785877 297218
83092 362096
596719 756561
203328 576958
779866 96625
859601 447405
747395 918771
676252 442071
658008 849592
688867 74758
937786 6700
835887 685881
136434 242204
819089 774675
200476 116561
791406 357408
75466 755535
350549 940841
316103 597382
199530 493526
718717 766376
709372 332551
37594 31473
82592 127996
994256 883116
351874 894344
971796 359419
180639 815165
637772 134316
540552 969610
263175 413195
101022 907430
573248 99936
252076 868461
973490 261858
44050 522616
642704 423357
524614 5009
419830 605996
305551 15407
667808 804530
402392 908101
483553 175072
21693 98348
993695 563433
299265 991995
502050 444041
489486 21527
170754 527848
865967 807578
188002 49881
690458 346512
728221 963611
466935 856403
556068 944147
714642 386517
12376 567914
264420 930098
165041 494060
498195 586231
347170 810783
385509 760714
513008 873712
150677 917009
696370 297538
540530 420717
408090 732299
654589 555799
423128 390274
414526 494177
187497 287036
863028 677968
672748 372189
19343 668803
696924 661458
865720 378905
442193 692271
292139 244087
617678 870130
906240 404789
533618 231475
282670 961418
888860 165842
552379 370573
731281 395614
923541 72086
346289 842034
447700 408945
206133 707473
99779 851948
515404 340414
922948 71603
245097 543453
671701 413565
218030 47715
667935 4512
707270 56028
150147 495900
903233 753722
478405 536812
677934 945739
608328 960840
178407 58490
598578 46952
181499 479702
512136 498168
28455 54910
289434 932616
491672 100133
4967 581488
160405 130536
284006 843330
330410 756522
606137 121213
186268 593939
851021 529026
562389 585113
940496 50578
884025 403182
653541 865836
253517 207600
59979 129766
955348 114978
332703 841625
374188 256710
140932 149858
945057 901320
481665 376814
889730 628437
226217 942483
215886 719624
237269 402717
545084 719092
796549 242755
974064 154369
671307 473513
474402 783138
788548 159536
360153 817572
124588 160022
747291 319982
734194 57478
1820 561612
673810 69590
262724 406603
989485 779218
145258 982684
926292 154103
985003 569600
282602 286230
326237 850274
204077 480293
317508 786409
363163 435413
117961 887303
150131 449133
298559 373317
481801 379939
833031 292536
925421 292756
560335 47460
704271 288672
621830 27092
915187 617337
535570 260677
387802 794823
943874 638672
897027 564343
514325 121079
693216 779790
680960 87964
248489 855575
248955 441615
24545 320385
250760 571381
778209 651243
77771 560111
128708 184364
966327 451106
785640 349248
203635 420889
29896 187546
885992 625125
399264 244528
381130 868796
1867 892667
545893 540480
664463 205271
974386 911231
916204 429242
168394 521234
244619 120184
806963 673612
715452 900230
573752 699581
79013 954451
415301 203730
206011 753870
141210 332784
726443 735144
523726 720792
723532 488865
24368 762210
265699 221828
589279 100775
759782 412030
890732 970880
245997 648055
513306 25145
762 170335
85446 364457
439491 601433
862087 320778
963185 462723
357874 454053
304695 874967
415139 356231
50016 834204
133215 848166
771495 655027
859996 114626
371824 71463
52751 114493
87711 914110
993460 155599
746573 563926
918866 616101
4015 637225
523343 957520
283761 924615
824404 110832
444251 288204
928776 2456
197548 774762
471757 340249
8666 530285
42808 579130
869574 27851
76745 500892
50092 699354
635811 165497
605129 505965
876277 868330
412010 45333
107140 274402
984123 746661
320617 500187
204479 84700
458701 26187
637969 822020
282938 180820
106151 739913
573979 463684
85877 470880
24601 732782
615675 777492
426823 66868
704788 254128
371011 123866
557554 181870
891333 174275
924908 131119
14014 465744
617986 972338
431962 52444
573774 53311
608352 959942
450025 387809
213581 66907
756827 750936
764676 751034
360924 507542
337655 133663
11342 208490
263597 807170
997714 127161
892576 566401
611738 374754
428515 83622
116047 197235
382426 9521
59665 757018
930597 998803
485854 77996
138948 996620
454921 925572
131714 503958
320623 791700
268952 284296
788202 3280
517965 691248
15069 61096
415093 373228
550399 285686
72000 324686
745749 44400
265315 319929
307580 987313
563812 604745
107023 718350
163265 515363
616193 618846
604260 721963
652701 537170
101329 695396
761897 370133
695726 87790
897455 139970
951688 328289
183973 232046
969746 386610
346308 732727
756217 685882
396503 123757
817294 552919
56186 960772
621876 494889
821963 210642
905904 36253
33379 284728
953525 59682
316041 508585
259847 531414
684136 922187
733379 545764
330791 710242
320106 416130
723673 62736
240742 895404
558230 748284
775916 994441
701569 262428
837197 620846
540872 737878
303566 19943
580557 257953
705750 801489
217512 18400
174072 717609
563767 623235
646829 384849
21366 797109
908204 640905
987364 59331
545724 659402
252353 879536
322459 140620
65209 201376
858718 641573
951364 329927
578205 660474
623909 649772
602704 804740
362441 862838
239337 431732
328140 312496
811742 552498
383094 120278
920390 12808
690285 933516
949435 848781
922805 206973
818191 366504
510347 33039
396103 208092
563304 289164
804672 818533
832723 883500
783993 39497
784799 654415
509898 951535
417741 30321
187473 2317
601772 211635
355399 719144
546332 971022
58596 578828
833185 670000
679588 12970
64918 6169
28861 757824
280670 825058
550720 843912
826780 861478
379536 419124
158804 877592
39982 792282
912581 522500
101821 322715
24682 5176
518535 797963
114031 581584
14901 500557
426181 186674
833275 117793
16314 120361
226629 281002
203414 92161
985579 368423
150670 709100
432169 681816
392936 720797
87203 293414
952617 614033
604176 123886
945345 859214
701580 15720
557204 800409
49018 569975
453027 89321
699880 153678
637490 169409
173440 156789
446248 895052
376548 923230
999716 507291
377927 885185
288870 751467
284988 822947
369129 396224
463637 438946
864479 803327
142500 501489
213838 800890
822616 569135
4554 174150
111628 159007
125796 399280
1450 342316
830867 460837
151770 684175
43302 942560
698440 303395
143253 710974
989502 458705
847245 658533
376301 17685
353266 320069
208857 2223
470669 887701
179951 680062
444303 663931
495366 67611
621479 911928
485411 129322
578082 909510
384007 968037
382514 654260
815335 229195
570103 112154
274406 285049
995108 377468
789276 343371
285765 986456
328363 447465
561259 794078
510824 364515
246464 736996
663851 953692
277795 16883
500870 463743
447790 286980
747153 765408
234277 653453
755029 595081
981825 221838
519645 197916
31533 803240
507087 265125
744243 141582
476531 357414
37128 888873
88122 58462
923743 114213
322579 803290
858445 96372
828311 290701
394611 874721
592674 535996
426765 248370
165518 126784
205768 408318
802113 599017
782094 618250
894618 419223
52654 393137
793076 960870
212766 496404
547148 598669
23696 698857
218614 668877
622629 475800
848089 124206
265827 916705
785773 259448
69514 323692
52814 707104
26052 7554
153291 581280
46411 503839
547038 828940
51270 349801
61106 551070
87664 935707
292749 411202
365305 471909
137115 22678
367065 914890
937704 767076
379151 50767
949846 193469
717480 534306
34310 882050
852566 72064
477666 472319
147538 46543
746934 595435
578973 207105
36332 750285
554780 647245
748333 467762
161132 408708
669254 122369
674538 361272
352225 891713
196717 757162
441603 328019
99371 660330
72286 855701
732987 783939
984111 858383
302951 20074
348047 551674
49748 827009
133616 970784
391632 566903
297382 13403
674421 385349
149751 209030
657885 804629
750916 688274
962428 439764
402355 104822
426978 827670
359067 664188
941559 223222
2767 125195
49103 718112
105443 280737
832735 529106
462544 537213
939562 122932
837097 80244
994983 731556
57435 549584
535095 884437
223462 276681
44112 985978
195190 429475
385920 50796
552341 672607
203917 617807
395686 371690
136710 7096
120833 463441
909744 4808
593598 919129
709930 26281
48605 417744
929426 264695
390288 976463
605262 433628
430358 93304
827174 65363
918421 990145
444673 670391
790660 595190
238555 58542
522333 595834
488213 66175
132956 543708
350216 991758
70718 279716
